ФИО заемщика: Dad
срок кредитования в годах: 17.0
сумма ипотеки: 1500000.0
годовая процентная ставка: 6.7
месячный платеж: 12337.13
переплата: 1016773.95


1 12337.13 8375.0 3962.13 1496037.87
2 12337.13 8352.88 3984.25 1492053.62
3 12337.13 8330.63 4006.49 1488047.13
4 12337.13 8308.26 4028.86 1484018.26
5 12337.13 8285.77 4051.36 1479966.9
6 12337.13 8263.15 4073.98 1475892.93
7 12337.13 8240.4 4096.73 1471796.2
8 12337.13 8217.53 4119.6 1467676.6
9 12337.13 8194.53 4142.6 1463534.0
10 12337.13 8171.4 4165.73 1459368.27
11 12337.13 8148.14 4188.99 1455179.28
12 12337.13 8124.75 4212.38 1450966.91
13 12337.13 8101.23 4235.9 1446731.01
14 12337.13 8077.58 4259.55 1442471.47
15 12337.13 8053.8 4283.33 1438188.14
16 12337.13 8029.88 4307.24 1433880.89
17 12337.13 8005.83 4331.29 1429549.6
18 12337.13 7981.65 4355.48 1425194.13
19 12337.13 7957.33 4379.79 1420814.33
20 12337.13 7932.88 4404.25 1416410.08
21 12337.13 7908.29 4428.84 1411981.25
22 12337.13 7883.56 4453.57 1407527.68
23 12337.13 7858.7 4478.43 1403049.25
24 12337.13 7833.69 4503.44 1398545.81
25 12337.13 7808.55 4528.58 1394017.23
26 12337.13 7783.26 4553.86 1389463.37
27 12337.13 7757.84 4579.29 1384884.08
28 12337.13 7732.27 4604.86 1380279.22
29 12337.13 7706.56 4630.57 1375648.65
30 12337.13 7680.7 4656.42 1370992.23
31 12337.13 7654.71 4682.42 1366309.81
32 12337.13 7628.56 4708.56 1361601.24
33 12337.13 7602.27 4734.85 1356866.39
34 12337.13 7575.84 4761.29 1352105.1
35 12337.13 7549.25 4787.87 1347317.22
36 12337.13 7522.52 4814.61 1342502.62
37 12337.13 7495.64 4841.49 1337661.13
38 12337.13 7468.61 4868.52 1332792.61
39 12337.13 7441.43 4895.7 1327896.91
40 12337.13 7414.09 4923.04 1322973.87
41 12337.13 7386.6 4950.52 1318023.35
42 12337.13 7358.96 4978.16 1313045.18
43 12337.13 7331.17 5005.96 1308039.23
44 12337.13 7303.22 5033.91 1303005.32
45 12337.13 7275.11 5062.01 1297943.3
46 12337.13 7246.85 5090.28 1292853.03
47 12337.13 7218.43 5118.7 1287734.33
48 12337.13 7189.85 5147.28 1282587.05
49 12337.13 7161.11 5176.02 1277411.03
50 12337.13 7132.21 5204.92 1272206.12
51 12337.13 7103.15 5233.98 1266972.14
52 12337.13 7073.93 5263.2 1261708.94
53 12337.13 7044.54 5292.59 1256416.35
54 12337.13 7014.99 5322.14 1251094.22
55 12337.13 6985.28 5351.85 1245742.37
56 12337.13 6955.39 5381.73 1240360.63
57 12337.13 6925.35 5411.78 1234948.85
58 12337.13 6895.13 5442.0 1229506.86
59 12337.13 6864.75 5472.38 1224034.48
60 12337.13 6834.19 5502.94 1218531.54
61 12337.13 6803.47 5533.66 1212997.88
62 12337.13 6772.57 5564.56 1207433.32
63 12337.13 6741.5 5595.62 1201837.7
64 12337.13 6710.26 5626.87 1196210.83
65 12337.13 6678.84 5658.28 1190552.55
66 12337.13 6647.25 5689.88 1184862.67
67 12337.13 6615.48 5721.64 1179141.03
68 12337.13 6583.54 5753.59 1173387.44
69 12337.13 6551.41 5785.71 1167601.72
70 12337.13 6519.11 5818.02 1161783.71
71 12337.13 6486.63 5850.5 1155933.2
72 12337.13 6453.96 5883.17 1150050.04
73 12337.13 6421.11 5916.01 1144134.02
74 12337.13 6388.08 5949.05 1138184.98
75 12337.13 6354.87 5982.26 1132202.72
76 12337.13 6321.47 6015.66 1126187.05
77 12337.13 6287.88 6049.25 1120137.8
78 12337.13 6254.1 6083.02 1114054.78
79 12337.13 6220.14 6116.99 1107937.79
80 12337.13 6185.99 6151.14 1101786.65
81 12337.13 6151.64 6185.49 1095601.16
82 12337.13 6117.11 6220.02 1089381.14
83 12337.13 6082.38 6254.75 1083126.39
84 12337.13 6047.46 6289.67 1076836.72
85 12337.13 6012.34 6324.79 1070511.93
86 12337.13 5977.02 6360.1 1064151.83
87 12337.13 5941.51 6395.61 1057756.21
88 12337.13 5905.81 6431.32 1051324.89
89 12337.13 5869.9 6467.23 1044857.66
90 12337.13 5833.79 6503.34 1038354.32
91 12337.13 5797.48 6539.65 1031814.67
92 12337.13 5760.97 6576.16 1025238.51
93 12337.13 5724.25 6612.88 1018625.63
94 12337.13 5687.33 6649.8 1011975.83
95 12337.13 5650.2 6686.93 1005288.9
96 12337.13 5612.86 6724.26 998564.64
97 12337.13 5575.32 6761.81 991802.83
98 12337.13 5537.57 6799.56 985003.27
99 12337.13 5499.6 6837.53 978165.74
100 12337.13 5461.43 6875.7 971290.04
101 12337.13 5423.04 6914.09 964375.95
102 12337.13 5384.43 6952.7 957423.25
103 12337.13 5345.61 6991.51 950431.74
104 12337.13 5306.58 7030.55 943401.19
105 12337.13 5267.32 7069.8 936331.38
106 12337.13 5227.85 7109.28 929222.11
107 12337.13 5188.16 7148.97 922073.14
108 12337.13 5148.24 7188.89 914884.25
109 12337.13 5108.1 7229.02 907655.23
110 12337.13 5067.74 7269.39 900385.84
111 12337.13 5027.15 7309.97 893075.87
112 12337.13 4986.34 7350.79 885725.08
113 12337.13 4945.3 7391.83 878333.25
114 12337.13 4904.03 7433.1 870900.15
115 12337.13 4862.53 7474.6 863425.55
116 12337.13 4820.79 7516.33 855909.21
117 12337.13 4778.83 7558.3 848350.91
118 12337.13 4736.63 7600.5 840750.41
119 12337.13 4694.19 7642.94 833107.47
120 12337.13 4651.52 7685.61 825421.86
121 12337.13 4608.61 7728.52 817693.34
122 12337.13 4565.45 7771.67 809921.67
123 12337.13 4522.06 7815.06 802106.6
124 12337.13 4478.43 7858.7 794247.9
125 12337.13 4434.55 7902.58 786345.33
126 12337.13 4390.43 7946.7 778398.63
127 12337.13 4346.06 7991.07 770407.56
128 12337.13 4301.44 8035.69 762371.87
129 12337.13 4256.58 8080.55 754291.32
130 12337.13 4211.46 8125.67 746165.65
131 12337.13 4166.09 8171.04 737994.62
132 12337.13 4120.47 8216.66 729777.96
133 12337.13 4074.59 8262.53 721515.43
134 12337.13 4028.46 8308.67 713206.76
135 12337.13 3982.07 8355.06 704851.7
136 12337.13 3935.42 8401.71 696450.0
137 12337.13 3888.51 8448.62 688001.38
138 12337.13 3841.34 8495.79 679505.6
139 12337.13 3793.91 8543.22 670962.37
140 12337.13 3746.21 8590.92 662371.45
141 12337.13 3698.24 8638.89 653732.57
142 12337.13 3650.01 8687.12 645045.45
143 12337.13 3601.5 8735.62 636309.82
144 12337.13 3552.73 8784.4 627525.42
145 12337.13 3503.68 8833.44 618691.98
146 12337.13 3454.36 8882.76 609809.22
147 12337.13 3404.77 8932.36 600876.86
148 12337.13 3354.9 8982.23 591894.62
149 12337.13 3304.74 9032.38 582862.24
150 12337.13 3254.31 9082.81 573779.43
151 12337.13 3203.6 9133.53 564645.9
152 12337.13 3152.61 9184.52 555461.38
153 12337.13 3101.33 9235.8 546225.58
154 12337.13 3049.76 9287.37 536938.21
155 12337.13 2997.91 9339.22 527598.99
156 12337.13 2945.76 9391.37 518207.62
157 12337.13 2893.33 9443.8 508763.82
158 12337.13 2840.6 9496.53 499267.29
159 12337.13 2787.58 9549.55 489717.74
160 12337.13 2734.26 9602.87 480114.87
161 12337.13 2680.64 9656.49 470458.38
162 12337.13 2626.73 9710.4 460747.98
163 12337.13 2572.51 9764.62 450983.36
164 12337.13 2517.99 9819.14 441164.23
165 12337.13 2463.17 9873.96 431290.27
166 12337.13 2408.04 9929.09 421361.18
167 12337.13 2352.6 9984.53 411376.65
168 12337.13 2296.85 10040.27 401336.37
169 12337.13 2240.79 10096.33 391240.04
170 12337.13 2184.42 10152.7 381087.34
171 12337.13 2127.74 10209.39 370877.95
172 12337.13 2070.74 10266.39 360611.55
173 12337.13 2013.41 10323.71 350287.84
174 12337.13 1955.77 10381.35 339906.49
175 12337.13 1897.81 10439.32 329467.17
176 12337.13 1839.53 10497.6 318969.57
177 12337.13 1780.91 10556.21 308413.35
178 12337.13 1721.97 10615.15 297798.2
179 12337.13 1662.71 10674.42 287123.78
180 12337.13 1603.11 10734.02 276389.76
181 12337.13 1543.18 10793.95 265595.81
182 12337.13 1482.91 10854.22 254741.59
183 12337.13 1422.31 10914.82 243826.77
184 12337.13 1361.37 10975.76 232851.01
185 12337.13 1300.08 11037.04 221813.97
186 12337.13 1238.46 11098.67 210715.3
187 12337.13 1176.49 11160.63 199554.67
188 12337.13 1114.18 11222.95 188331.72
189 12337.13 1051.52 11285.61 177046.11
190 12337.13 988.51 11348.62 165697.49
191 12337.13 925.14 11411.98 154285.51
192 12337.13 861.43 11475.7 142809.81
193 12337.13 797.35 11539.77 131270.03
194 12337.13 732.92 11604.2 119665.83
195 12337.13 668.13 11668.99 107996.84
196 12337.13 602.98 11734.15 96262.69
197 12337.13 537.47 11799.66 84463.03
198 12337.13 471.59 11865.54 72597.49
199 12337.13 405.34 11931.79 60665.7
200 12337.13 338.72 11998.41 48667.29
201 12337.13 271.73 12065.4 36601.88
202 12337.13 204.36 12132.77 24469.12
203 12337.13 136.62 12200.51 12268.61
204 12337.13 68.5 12268.63 0.0
